nnUNetTrainerUxLSTMBot    hnnk
sub_mean_dice: [0.8082329  0.67309546 0.55227554 0.00256801]
sub_std_dice: [0.14481273 0.31920633 0.3493495  0.00256801]
sub_mean_ppv: [0.78122455 0.5324521  0.12558648 0.0424822 ]
sub_std_ppv: [0.1852771  0.43590418 0.29877624 0.16453287]
sub_mean_iou: [0.6989546  0.5821126  0.45753986 0.00128731]
sub_std_iou: [0.17216101 0.31385288 0.31736878 0.00128731]

nnUNetTrainerUxLSTMBot    lz
sub_mean_dice: [8.2750177e-01 4.3341905e-01 5.2960122e-01 3.3691363e-06]
sub_std_dice: [1.4138462e-01 4.1817480e-01 2.9119974e-01 6.7382725e-06]
sub_mean_ppv: [0.7466585  0.5149814  0.14950368 0.0212766 ]
sub_std_ppv: [0.21193051 0.3968788  0.31052408 0.14430489]
sub_mean_iou: [7.2432822e-01 3.7677029e-01 4.0850821e-01 1.6845822e-06]
sub_std_iou: [1.5634724e-01 3.7681377e-01 2.4702494e-01 3.3691645e-06]

nnUNetTrainerUxLSTMBot    cq
sub_mean_dice: [0.81066155 0.17555691 0.60116136 0.00481478]
sub_std_dice: [0.1716866  0.28638688 0.15633206 0.01079233]
sub_mean_ppv: [0.7361214  0.19365115 0.18534142 0.05767019]
sub_std_ppv: [0.24112453 0.36156076 0.34724894 0.22455995]
sub_mean_iou: [0.70837384 0.13264206 0.44621497 0.00244291]
sub_std_iou: [0.187591   0.23338869 0.14807755 0.00549304]

