nnUNetTrainerUMambaBot    hnnk
sub_mean_dice: [8.1508029e-01 6.6326547e-01 4.4175634e-01 1.6869664e-05]
sub_std_dice: [1.3295792e-01 3.2212248e-01 3.0737913e-01 1.6869664e-05]
sub_mean_ppv: [0.8063687  0.33361217 0.12032925 0.2       ]
sub_std_ppv: [0.17765126 0.42221949 0.3127477  0.4       ]
sub_mean_iou: [7.0571643e-01 5.7090515e-01 3.3357388e-01 8.4349749e-06]
sub_std_iou: [1.6043448e-01 3.1106862e-01 2.5620005e-01 8.4349749e-06]

nnUNetTrainerUMambaBot    lz
sub_mean_dice: [0.83013684 0.4820809  0.47885323 0.        ]
sub_std_dice: [0.14303504 0.3845326  0.22361973 0.        ]
sub_mean_ppv: [0.7639046  0.20904417 0.12208525 0.        ]
sub_std_ppv: [0.21985762 0.36442062 0.28453544 0.        ]
sub_mean_iou: [0.728822   0.40466702 0.3408504  0.        ]
sub_std_iou: [0.15957206 0.34606192 0.17903896 0.        ]

nnUNetTrainerUMambaBot    cq
sub_mean_dice: [8.1752998e-01 2.1782435e-01 5.4514039e-01 1.7554325e-04]
sub_std_dice: [0.17119038 0.27929565 0.14250131 0.00048754]
sub_mean_ppv: [0.75768906 0.08927589 0.1611254  0.04790362]
sub_std_ppv: [0.24625966 0.24340577 0.33499822 0.21290302]
sub_mean_iou: [7.1777391e-01 1.5656433e-01 3.8771111e-01 8.7838809e-05]
sub_std_iou: [0.18472213 0.22101781 0.13341413 0.00024397]

