nnUNetTrainerMaCNN4pp    hnnk
sub_mean_dice: [0.8428931  0.7256613  0.5092953  0.16015741]
sub_std_dice: [0.1262887  0.2800598  0.41812027 0.01926173]
sub_mean_ppv: [0.80986565 0.47448888 0.23723704 0.13268898]
sub_std_ppv: [0.16428061 0.4260124  0.4110258  0.32581005]
sub_mean_iou: [0.74500114 0.6276439  0.4448412  0.08716868]
sub_std_iou: [0.15304367 0.26828378 0.3688176  0.01138182]

nnUNetTrainerMaCNN4pp    lz
sub_mean_dice: [0.84519905 0.5109157  0.5365161  0.13610604]
sub_std_dice: [0.13181995 0.38918105 0.29822394 0.20576072]
sub_mean_ppv: [0.7674732  0.52160335 0.33323422 0.03001105]
sub_std_ppv: [0.20142059 0.40440556 0.37899283 0.14216793]
sub_mean_iou: [0.74875695 0.4351675  0.41888288 0.08845462]
sub_std_iou: [0.14997219 0.35493442 0.25959465 0.14004494]

nnUNetTrainerMaCNN4pp    cq
sub_mean_dice: [0.8364087  0.3841998  0.60600656 0.2133657 ]
sub_std_dice: [0.14954314 0.3760179  0.25733915 0.24971098]
sub_mean_ppv: [0.75947493 0.32830384 0.41933358 0.10501606]
sub_std_ppv: [0.2288596  0.42098492 0.4182076  0.3002303 ]
sub_mean_iou: [0.74019694 0.31439993 0.47881272 0.14431459]
sub_std_iou: [0.16833387 0.3313069  0.24151441 0.17900968]

