nnUNetTrainerMaCNN2    hnnk
sub_mean_dice: [0.83846414 0.7826372  0.605851   0.04559578]
sub_std_dice: [0.12342332 0.26608998 0.3130618  0.04559067]
sub_mean_ppv: [0.81134164 0.55023247 0.1839449  0.07952296]
sub_std_ppv: [0.15965483 0.4161232  0.34626693 0.2640779 ]
sub_mean_iou: [0.7373881  0.69610137 0.49413395 0.02388691]
sub_std_iou: [0.14740515 0.24574566 0.2674394  0.02388436]

nnUNetTrainerMaCNN2    lz
sub_mean_dice: [0.84166574 0.49660683 0.5725184  0.04261313]
sub_std_dice: [0.12702854 0.4008878  0.2756456  0.08480088]
sub_mean_ppv: [0.7614121  0.52595806 0.1585662  0.02416588]
sub_std_ppv: [0.20720407 0.40135446 0.30594102 0.14020248]
sub_mean_iou: [0.7425626  0.42708156 0.4459284  0.02382562]
sub_std_iou: [0.1470881  0.36518762 0.23489405 0.04743842]

nnUNetTrainerMaCNN2    cq
sub_mean_dice: [0.82984036 0.3281237  0.67525995 0.09617207]
sub_std_dice: [0.15850927 0.37068135 0.1793329  0.1244575 ]
sub_mean_ppv: [0.7569557  0.23602583 0.25550243 0.07276958]
sub_std_ppv: [0.2329362  0.38044316 0.3852883  0.2556419 ]
sub_mean_iou: [0.73273605 0.26567623 0.5351818  0.05530007]
sub_std_iou: [0.1759343  0.31502748 0.18906155 0.07326744]

