nnUNetTrainerUXnet    hnnk
sub_mean_dice: [0.8086278  0.65187687 0.4709579  0.02076344]
sub_std_dice: [0.14627357 0.28395742 0.38313285 0.02070211]
sub_mean_ppv: [0.7857488  0.28504822 0.11180226 0.06985418]
sub_std_ppv: [0.17820159 0.3941195  0.30543208 0.2266583 ]
sub_mean_iou: [0.69961363 0.54056215 0.39168862 0.01060119]
sub_std_iou: [0.17152162 0.27440974 0.3362172  0.01057053]

nnUNetTrainerUXnet    lz
sub_mean_dice: [0.8310986  0.45056084 0.55336326 0.04446774]
sub_std_dice: [0.13476491 0.40094993 0.2605363  0.08892369]
sub_mean_ppv: [0.75411177 0.20744257 0.08627697 0.0096571 ]
sub_std_ppv: [0.21065463 0.36102122 0.23844957 0.06078916]
sub_mean_iou: [0.72818667 0.38341165 0.42347318 0.02501411]
sub_std_iou: [0.15129797 0.36059096 0.2303303  0.05002233]

nnUNetTrainerUXnet    cq
sub_mean_dice: [0.8147724  0.23859058 0.65442073 0.06672488]
sub_std_dice: [0.16969624 0.29985395 0.17961265 0.11378503]
sub_mean_ppv: [0.74766594 0.11439372 0.127928   0.06436432]
sub_std_ppv: [0.23649871 0.29106435 0.30053723 0.24370678]
sub_mean_iou: [0.71367264 0.17614247 0.50971615 0.03855713]
sub_std_iou: [0.18531914 0.24087988 0.176614   0.06879283]

