nnUNetTrainerUNETR    hnnk
sub_mean_dice: [0.8025878  0.660488   0.43125337 0.        ]
sub_std_dice: [0.14022946 0.27549374 0.3619479  0.        ]
sub_mean_ppv: [0.7817594  0.26763982 0.07153051        nan]
sub_std_ppv: [0.17223099 0.39255628 0.2443918         nan]
sub_mean_iou: [0.68964666 0.54522765 0.3430062  0.        ]
sub_std_iou: [0.16674313 0.25635397 0.29670355 0.        ]

nnUNetTrainerUNETR    lz
sub_mean_dice: [0.8147485 0.4201502 0.463965  0.       ]
sub_std_dice: [0.14165367 0.3717431  0.21666235 0.        ]
sub_mean_ppv: [0.73744345 0.16401513 0.08090868        nan]
sub_std_ppv: [0.21257879 0.3273223  0.22938046        nan]
sub_mean_iou: [0.7056802 0.3423293 0.3267921 0.       ]
sub_std_iou: [0.1554185  0.32754973 0.17741877 0.        ]

nnUNetTrainerUNETR    cq
sub_mean_dice: [0.8065183  0.27684632 0.5463608  0.        ]
sub_std_dice: [0.17079833 0.3044357  0.19227597 0.        ]
sub_mean_ppv: [0.7357947  0.09676529 0.10414749        nan]
sub_std_ppv: [0.23716383 0.26646724 0.272457          nan]
sub_mean_iou: [0.7018273  0.20312105 0.39760512 0.        ]
sub_std_iou: [0.18408003 0.2422571  0.16582398 0.        ]

