nnUNetTrainerNnformer    hnnk
sub_mean_dice: [0.80831873 0.71684587 0.48635063 0.07595797]
sub_std_dice: [0.14779192 0.26355168 0.3777232  0.06771827]
sub_mean_ppv: [0.8038689  0.42003122 0.17578933 0.08788985]
sub_std_ppv: [0.16851899 0.42471236 0.352214   0.24934195]
sub_mean_iou: [0.6999726  0.60854506 0.40153804 0.04076758]
sub_std_iou: [0.17604786 0.24669255 0.32250828 0.03663069]

nnUNetTrainerNnformer    lz
sub_mean_dice: [0.83557504 0.4567993  0.53883314 0.10076878]
sub_std_dice: [0.12870073 0.3969844  0.30499437 0.20153758]
sub_mean_ppv: [0.7569348  0.31682938 0.28393108 0.00835598]
sub_std_ppv: [0.20880684 0.39413607 0.36873847 0.05415297]
sub_mean_iou: [0.7337336  0.3861258  0.42427945 0.06735179]
sub_std_iou: [0.14798096 0.35286614 0.26873288 0.13470358]

nnUNetTrainerNnformer    cq
sub_mean_dice: [0.8126266  0.27063957 0.6867309  0.10918158]
sub_std_dice: [0.18602587 0.334161   0.14870854 0.12603785]
sub_mean_ppv: [0.7571617  0.22025774 0.28754365 0.09717196]
sub_std_ppv: [0.22671816 0.37672737 0.38482252 0.28063038]
sub_mean_iou: [0.71456385 0.20790857 0.5410379  0.06264615]
sub_std_iou: [0.19501777 0.26763326 0.16138847 0.07359258]

