nnUNetTrainerSegMamba    hnnk
sub_mean_dice: [0.82668227 0.7085997  0.6148961  0.02511725]
sub_std_dice: [0.13019328 0.26051345 0.32316548 0.02511725]
sub_mean_ppv: [0.8058394  0.40562475 0.10844436 0.03898791]
sub_std_ppv: [0.16534139 0.4142078  0.29406393 0.17866506]
sub_mean_iou: [0.7219141  0.59698886 0.51002514 0.01288219]
sub_std_iou: [0.15735386 0.24344483 0.28682187 0.01288219]

nnUNetTrainerSegMamba    lz
sub_mean_dice: [0.8397643  0.4678386  0.5732144  0.02177357]
sub_std_dice: [0.12680203 0.38980117 0.26584542 0.04354715]
sub_mean_ppv: [0.7652441  0.33511186 0.1126924  0.00393025]
sub_std_ppv: [0.20756286 0.42086625 0.26560947 0.02751177]
sub_mean_iou: [0.7395281  0.39423898 0.4443913  0.01151351]
sub_std_iou: [0.1460102  0.352624   0.2313475  0.02302702]

nnUNetTrainerSegMamba    cq
sub_mean_dice: [0.8303735  0.3193817  0.6482323  0.03188989]
sub_std_dice: [0.1572422  0.3413447  0.20664518 0.05637561]
sub_mean_ppv: [0.7606946  0.1786709  0.16015658 0.08311958]
sub_std_ppv: [0.23234084 0.34747413 0.33074552 0.26195732]
sub_mean_iou: [0.7330907  0.24534371 0.5099345  0.01709861]
sub_std_iou: [0.1741736  0.27348933 0.20095237 0.03126295]

