nnUNetTrainerSegResNet    hnnk
sub_mean_dice: [0.8373535  0.81942046 0.27866465 0.01461315]
sub_std_dice: [0.12694918 0.10220405 0.3435368  0.0041591 ]
sub_mean_ppv: [0.8135233  0.39220217 0.11937143 0.0957033 ]
sub_std_ppv: [0.16530551 0.43218544 0.31594884 0.25512508]
sub_mean_iou: [0.7364354  0.7058302  0.21519956 0.00736478]
sub_std_iou: [0.14991742 0.13634603 0.26759282 0.00211028]

nnUNetTrainerSegResNet    lz
sub_mean_dice: [0.83317983 0.56853944 0.43917474 0.0968824 ]
sub_std_dice: [0.14202906 0.34814844 0.27416268 0.19376479]
sub_mean_ppv: [0.75508934 0.23527034 0.21150772 0.00625704]
sub_std_ppv: [0.21746275 0.38053334 0.34883252 0.04846685]
sub_mean_iou: [0.73320687 0.47439086 0.31907895 0.06392397]
sub_std_iou: [0.1595731  0.32162496 0.21619746 0.12784792]

nnUNetTrainerSegResNet    cq
sub_mean_dice: [0.8288687  0.41498473 0.46974003 0.05508641]
sub_std_dice: [0.15843618 0.31133115 0.19298548 0.05299689]
sub_mean_ppv: [0.7578558  0.13587792 0.3394195  0.05569652]
sub_std_ppv: [0.2370812  0.30837777 0.41439816 0.22056384]
sub_mean_iou: [0.7311704  0.31250587 0.32630375 0.02909252]
sub_std_iou: [0.1750898  0.26058567 0.15507248 0.02823219]

