nnUNetTrainerMednext    hnnk
sub_mean_dice: [0.8491786  0.79677206 0.49706346 0.08050502]
sub_std_dice: [0.12158103 0.2684995  0.406583   0.07576344]
sub_mean_ppv: [0.8248288  0.4797615  0.25382885 0.09519386]
sub_std_ppv: [0.16053654 0.4542315  0.39665377 0.2782727 ]
sub_mean_iou: [0.7532998  0.71700245 0.425306   0.04356652]
sub_std_iou: [0.14719972 0.24708015 0.35017756 0.0411901 ]

nnUNetTrainerMednext    lz
sub_mean_dice: [0.845374   0.5113582  0.5674159  0.10251866]
sub_std_dice: [0.134944   0.40719065 0.2557258  0.20323898]
sub_mean_ppv: [0.76934797 0.51168424 0.27085403 0.0214293 ]
sub_std_ppv: [0.21378149 0.41505316 0.36955073 0.11276796]
sub_mean_iou: [0.7498388  0.44314903 0.43556872 0.06863527]
sub_std_iou: [0.15325946 0.36639127 0.22430459 0.13636912]

nnUNetTrainerMednext    cq
sub_mean_dice: [0.8372357  0.3059604  0.6424521  0.13733557]
sub_std_dice: [0.15095897 0.37851828 0.22861658 0.21028288]
sub_mean_ppv: [0.7675379  0.32411948 0.37459427 0.06404707]
sub_std_ppv: [0.23515578 0.42567223 0.4164878  0.23311715]
sub_mean_iou: [0.74210465 0.25266683 0.5097684  0.09132189]
sub_std_iou: [0.1719088  0.32374084 0.21974826 0.15690498]

