nnUNetTrainerAortaNet1    hnnk
sub_mean_dice: [0.8420337  0.75614566 0.5203525  0.08772015]
sub_std_dice: [0.11966033 0.26577678 0.42531767 0.08770993]
sub_mean_ppv: [0.818972   0.5005119  0.18820852 0.0988828 ]
sub_std_ppv: [0.15869196 0.4448204  0.35867321 0.28896037]
sub_mean_iou: [0.7424639  0.660957   0.46022367 0.04807692]
sub_std_iou: [0.14901099 0.25288448 0.37809494 0.04807181]

nnUNetTrainerAortaNet1    lz
sub_mean_dice: [0.84552777 0.4767462  0.5920368  0.09834612]
sub_std_dice: [0.13166319 0.419469   0.2802923  0.19638589]
sub_mean_ppv: [0.7688003  0.4534584  0.20147364 0.02534786]
sub_std_ppv: [0.20933658 0.42069617 0.3287888  0.13122645]
sub_mean_iou: [0.7491016  0.41689473 0.4696813  0.06515819]
sub_std_iou: [0.14888701 0.37935778 0.25058737 0.13016315]

nnUNetTrainerAortaNet1    cq
sub_mean_dice: [0.83268404 0.31187236 0.6709755  0.1873208 ]
sub_std_dice: [0.15905029 0.36124212 0.20702687 0.22974181]
sub_mean_ppv: [0.76382995 0.22136831 0.24930032 0.07413758]
sub_std_ppv: [0.23454818 0.3786338  0.37604725 0.25690368]
sub_mean_iou: [0.7370792  0.24992739 0.536785   0.12371788]
sub_std_iou: [0.176408   0.30685085 0.20662822 0.16142581]

