nnUNetTrainerSwinUNETR    hnnk
sub_mean_dice: [0.80565804 0.7041725  0.4403588  0.        ]
sub_std_dice: [0.15163541 0.2639024  0.36007833 0.        ]
sub_mean_ppv: [0.78684914 0.3825807  0.11559856        nan]
sub_std_ppv: [0.18215501 0.40781212 0.30588844        nan]
sub_mean_iou: [0.69684774 0.5926442  0.35055518 0.        ]
sub_std_iou: [0.17681092 0.24512143 0.29695344 0.        ]

nnUNetTrainerSwinUNETR    lz
sub_mean_dice: [0.8289591  0.4507404  0.56283754 0.        ]
sub_std_dice: [0.1333504  0.4031475  0.21969879 0.        ]
sub_mean_ppv: [0.75580454 0.23314196 0.09718604        nan]
sub_std_ppv: [0.20811811 0.3705499  0.25374234        nan]
sub_mean_iou: [0.7248265  0.3838767  0.42198092 0.        ]
sub_std_iou: [0.15100914 0.35953996 0.20134111 0.        ]

nnUNetTrainerSwinUNETR    cq
sub_mean_dice: [0.8117223  0.29634082 0.5932483  0.        ]
sub_std_dice: [0.17261353 0.33575004 0.18520527 0.        ]
sub_mean_ppv: [0.74312353 0.12061191 0.13727224        nan]
sub_std_ppv: [0.23557606 0.29448068 0.31157047        nan]
sub_mean_iou: [0.70991385 0.22599527 0.4447172  0.        ]
sub_std_iou: [0.1866539  0.265453   0.17633519 0.        ]

