nnUNetTrainer    hnnk
sub_mean_dice: [0.8006277  0.7136362  0.53263164 0.        ]
sub_std_dice: [0.15214075 0.2981208  0.30925006 0.        ]
sub_mean_ppv: [0.7911494  0.5421964  0.11302759        nan]
sub_std_ppv: [0.18020715 0.44400066 0.29430586        nan]
sub_mean_iou: [0.6896663  0.6215216  0.42053598 0.        ]
sub_std_iou: [0.17617211 0.2911155  0.27543166 0.        ]

nnUNetTrainer    lz
sub_mean_dice: [0.8318485  0.46569034 0.5871109  0.        ]
sub_std_dice: [0.13487253 0.39605215 0.23529269 0.        ]
sub_mean_ppv: [0.76102775 0.43100607 0.11202213        nan]
sub_std_ppv: [0.21038695 0.423431   0.26963112        nan]
sub_mean_iou: [0.7292817 0.3946852 0.4504355 0.       ]
sub_std_iou: [0.15094182 0.35582915 0.2126561  0.        ]

nnUNetTrainer    cq
sub_mean_dice: [0.82014406 0.26633826 0.6610285  0.        ]
sub_std_dice: [0.16010319 0.2974939  0.13966946 0.        ]
sub_mean_ppv: [0.75273114 0.19893011 0.15946008        nan]
sub_std_ppv: [0.23267092 0.3566655  0.33281747        nan]
sub_mean_iou: [0.71904576 0.19306548 0.5088547  0.        ]
sub_std_iou: [0.17829284 0.23183802 0.1463157  0.        ]

