nnUNetTrainerMaCNN3    hnnk
sub_mean_dice: [0.8221202  0.74734694 0.6529132  0.04479393]
sub_std_dice: [0.13438755 0.26965955 0.33207017 0.03670029]
sub_mean_ppv: [0.8166357  0.4419248  0.13017875 0.06172812]
sub_std_ppv: [0.17141901 0.42161113 0.3073895  0.22256403]
sub_mean_iou: [0.71654403 0.6508236  0.5557737  0.02327061]
sub_std_iou: [0.1638357  0.25548497 0.2899169  0.01920735]

nnUNetTrainerMaCNN3    lz
sub_mean_dice: [0.8384502  0.46496877 0.54672843 0.11804606]
sub_std_dice: [0.13511375 0.41734022 0.29002953 0.23598434]
sub_mean_ppv: [0.77020913 0.33961135 0.12240395 0.02411981]
sub_std_ppv: [0.21339953 0.40549666 0.27089632 0.1402198 ]
sub_mean_iou: [0.7394263  0.40431783 0.42552298 0.08371246]
sub_std_iou: [0.15336978 0.37491897 0.24980608 0.167371  ]

nnUNetTrainerMaCNN3    cq
sub_mean_dice: [0.82828945 0.2813841  0.6721134  0.13749847]
sub_std_dice: [0.1651703  0.33366114 0.18777984 0.18167059]
sub_mean_ppv: [0.7641611  0.14839377 0.18137021 0.0640651 ]
sub_std_ppv: [0.23764522 0.3113306  0.34441704 0.23593229]
sub_mean_iou: [0.732331   0.21663369 0.53325313 0.08604604]
sub_std_iou: [0.18249907 0.274415   0.19348499 0.12598991]

