nnUNetTrainerMaCNNC    hnnk
sub_mean_dice: [0.8433177  0.7608007  0.4517951  0.07892069]
sub_std_dice: [0.11784632 0.26700658 0.34208637 0.07892069]
sub_mean_ppv: [0.82006836 0.5172092  0.19968769 0.0475284 ]
sub_std_ppv: [0.1582016  0.42753974 0.37409765 0.19596463]
sub_mean_iou: [0.7438923  0.6675165  0.35921362 0.04284142]
sub_std_iou: [0.14630459 0.2525652  0.30730405 0.04284142]

nnUNetTrainerMaCNNC    lz
sub_mean_dice: [0.84113526 0.5042093  0.5679978  0.10101099]
sub_std_dice: [0.13237375 0.40553048 0.24742006 0.19404292]
sub_mean_ppv: [0.7649372  0.47724175 0.19275416 0.02975115]
sub_std_ppv: [0.21198829 0.4166685  0.33623636 0.1493819 ]
sub_mean_iou: [0.7429613  0.43680912 0.43393362 0.0663361 ]
sub_std_iou: [0.15198155 0.36988655 0.21905415 0.12863797]

nnUNetTrainerMaCNNC    cq
sub_mean_dice: [0.8345737  0.2995649  0.65324485 0.14500855]
sub_std_dice: [0.1561768  0.34963188 0.23074524 0.1794272 ]
sub_mean_ppv: [0.7640241  0.25845802 0.29896113 0.09433015]
sub_std_ppv: [0.2340984  0.39480606 0.4087119  0.281681  ]
sub_mean_iou: [0.7391381  0.23620333 0.522648   0.08993645]
sub_std_iou: [0.17373955 0.29405034 0.22198386 0.12242994]

