nnUNetTrainerMednext    hnnk
sub_mean_dice: [0.8485702  0.765526   0.49304956 0.06121478]
sub_std_dice: [0.11844495 0.24153526 0.40451244 0.061179  ]
sub_mean_ppv: [0.8196182  0.5529211  0.18622665 0.1357685 ]
sub_std_ppv: [0.15650831 0.43713042 0.3726875  0.33309197]
sub_mean_iou: [0.7518393  0.66648483 0.42040625 0.03260198]
sub_std_iou: [0.14563155 0.24111103 0.34812877 0.03258409]

nnUNetTrainerMednext    lz
sub_mean_dice: [0.84384733 0.49069735 0.59629804 0.09512698]
sub_std_dice: [0.12980098 0.40472668 0.27529895 0.19024049]
sub_mean_ppv: [0.7650293  0.45365497 0.24060395 0.04211039]
sub_std_ppv: [0.20580103 0.4154707  0.34940147 0.18234873]
sub_mean_iou: [0.7461294  0.4236392  0.47330746 0.06240239]
sub_std_iou: [0.14710188 0.36984158 0.25077447 0.12479804]

nnUNetTrainerMednext    cq
sub_mean_dice: [0.8339628  0.30149752 0.63525695 0.16029656]
sub_std_dice: [0.1519938  0.35233098 0.24016526 0.21626411]
sub_mean_ppv: [0.7625223  0.32057798 0.34488404 0.12129556]
sub_std_ppv: [0.23233706 0.42337847 0.40901342 0.32097885]
sub_mean_iou: [0.73729444 0.2395936  0.5043483  0.10500256]
sub_std_iou: [0.17135167 0.3015968  0.22397313 0.15252803]

